0.5850495824183632
0.4770973342760114
0.5539025614274429
0.190746188863962
0.7677253152426822
0.9994368160784832
0.736245299310377
0.15982856080978414
0.15199112191533026
0.3046122131451846
0.24071788176929787
0.9533209004153156
0.9517762900729676
0.4874898053648684
0.7550577891504832
0.11509744160777358
0.33556175839207625
0.014260592790999671
0.5322951629101261
0.5424437624591475
0.45512854833100647
0.12498329447771106
0.8313971728696382
0.19551512125153747
0.2834493299346722
0.35093454115720013
0.4190084418149541
0.7048050572799155
0.32812941995605027
0.2756725423175935
0.323693924414183
0.13053050156107326
0.5368030970414085
0.9187201841400404
0.2840905219439501
0.37783967614513336
0.9608920612246383
0.37077412942670407
0.5823736286330978
0.021748885637356774
0.9941315723003294
0.5593461218475746
0.20444474955305758
0.5457147254957825
0.2522712358819924
0.2737424472395801
0.518246825447817
0.2477476393490794
0.41035629209003466
0.8282882534748213
0.911612949947378
0.31797331264724393
0.5639954443533189
0.9927025996750187
0.08105522631633899
0.8415480807586807
0.9310221934054194
0.06853072022216167
0.9128997546553005
0.7308345482536582
0.959955125363538
0.24053957550812222
0.14817404222131192
0.8407437092463872
0.16166397741016392
0.5819831525214842
0.2726531183577021
0.7711498772944184
0.23064738445085542
0.3426435350602848
0.32347065415009113
0.11028457316658058
0.27232882479442266
0.39855415451485277
0.553701107528606
0.12301565662641123
0.20277676508643894
0.9923114421751216
0.14631951430806234
0.1379179921033321
0.6372554256848095
0.14288103323627632
0.418944834127427
0.13704188224445923
0.83401232317052
0.35380494462279033
0.21077325571348582
0.30228546236175025
0.5097090186328733
0.4987157948483245
0.3931077802119637
0.5222773270202833
0.5929009527508549
0.013064450778641601
0.6948901219325732
0.11367579784920556
0.23197304217909442
0.770967355779523
0.2846413719111073
0.26079075364385984
0.6239369853152904
0.27607954413723024
0.8002175902949248
0.927434633006302
0.48049667628608284
0.04540008052123823
0.76778661649275
0.24490855294446
0.1977879956032057
0.31491554939717104
0.6014322705457151
0.6300300121161149
0.046198936742651076
0.44598845981953716
0.6247922421111505
0.13710841271060004
0.9466768958922183
0.66139636187555
0.8061360267805618
0.7977743555643358
0.6499287339428952
0.9899281453288581
0.14828888574833832
0.952569501296641
0.38492031130957305
0.54844368181292
0.9248084046194647
0.8282026465881346
0.29308146973499005
0.5403031693641402
0.20381963482336296
0.8643787115306208
0.21462303500253888
0.5990722586881123
0.3509152667622676
0.5441067863596719
0.6433716433484752
0.35640938700431424
0.45252682561183866
0.7313932256936418
0.91652903255439
0.36304151062130896
0.8511736294750619
0.7702263930757468
0.9557618612808044
0.741734311910507
0.23399503142056066
0.8487592302074569
0.12602834744545943
0.20116348161247777
0.965972901173208
0.3825955905681614
0.028547990372837506
0.28959299568167385
0.609250277770095
0.42108710040522257
0.29432054085861703
0.017266831141361738
0.8199522325283314
0.3305462558213793
0.6946006850412729
0.2264203158261061
0.06391568575101869
0.25828258599884046
0.13473427094839863
0.3378172957132801
0.8427340898580024
0.13136743482483826
0.34776299809537725
0.3527194711831396
0.371523163574199
0.1940344368271415
0.3542030339255293
0.23919421256880757
0.8998142678649372
0.3376210236174596
0.00440447001878419
0.08166673694912563
0.11698136238195078
0.7269581485099484
0.16989737243064496
0.6226234706357809
0.3336079319437866
0.47711366237029507
0.4001311677251407
0.07537233774663588
0.38020009748574546
0.38439607387717645
0.11101308181063374
0.336766538546345
0.41465209983744544
0.9655248946613718
0.6216522911857881
0.9787978336176714
0.07987069113808998
0.3088736096003266
0.6057158687830156
0.6479658751928429
0.702964197564435
0.4916916888002857
0.7738027742347751
0.7513295048508145
0.4774029148414104
0.5672118678083085
0.8532421719157148
0.5581465514591959
0.8195569950911599
0.37554900082757536
0.1817222893331325
0.09600816032541815
0.34101786809226464
0.6822964378068157
0.48115619607629
0.470374075677193
0.1281097652868496
0.39872674426732724
0.6281904551267357
0.4864150191955441
0.26999730765094854
0.8875023645611297
0.48776328751049347
0.7020684749617553
0.826795628908281
0.6078029803684974
0.12611823934717348
0.2912140607944219
0.6790891516650102
0.6037755451080236
0.9696795377914483
0.34587477398620325
0.9502652718787952
0.590213306483206
0.726195743320138
0.49635047768097995
0.9430692704053846
0.6393701927194795
0.1345575346830593
0.9781895210202433
0.7817867293878067
0.7228165692418774
0.8596961073110151
0.5249053286859953
0.20145948165875915
0.6122427636989929
0.0989685057868146
0.7153435921986685
0.17554163169157466
0.8931167311618698
0.7164357229721903
0.6546066676293444
0.32340178802907493
0.09510183272039929
0.9714405793004985
0.11744144538412926
0.28907756143794916
0.1931411216575949
0.15789067093568343
0.5329966783217788
0.5326889679068717
0.9831145053050931
0.7206534971649415
0.4398563542373951
0.2259166491749618
0.08597479678064335
0.6654694804086596
0.29025515112735056
0.19295128913847925
0.5842689725568663
0.32878929631106746
0.732382151486331
0.0883205337031322
0.5449512088555943
0.8239419798038188
0.7496793383393912
0.2529995316595681
0.9323932603084298
0.7300395018996234
0.2860409226000429
0.9402114861058122
0.6654992083632499
0.8400246779889176
0.2358197636869508
0.8523242818401586
0.8228302695371682
0.03426834826585201
0.9275472384640592
0.18024976451279517
0.2496461322021334
0.5961220130537527
0.48027264907336975
0.5867514165847006
0.07076913040186605
0.5358324522522009
0.6614285172746165
0.8250673113558985
0.8631772838020588
0.7392242360044045
0.12512820603834218
0.9342539038470945
0.4922327283393777
0.007556633455265138
0.15980156780611277
0.20265760685200374
0.8654515741217709
0.3049611917772641
0.32407555935327403
0.3409197630984605
0.1077214841776245
0.7798659335410254
0.5998055003162434
0.5559218202745865
0.9118734203882037
0.3768127202791606
0.9411635949447781
0.46707644651797764
0.0685134106166636
0.10507399109057636
0.34869080392314333
0.05637123666199506
0.42902102923722885
0.28047495474727047
0.8472182611375285
0.09357117152021444
0.8056204376272452
0.30682764531647344
0.9965647320155681
0.7279858323026055
0.5624306693751207
0.8133830613211935
0.8139160475449932
0.18820792732526948
0.9014009099093131
0.21470768669331264
0.2367929584432087
0.7812292448660146
0.09703749255428396
0.00939029316732487
0.5055137086632682
0.6323402689526308
0.18382845757612265
0.38398600037170183
0.0940573331237885
0.8572198178053049
0.8502723291685375
0.9386030387805566
0.06823423961859643
0.10762074055436088
0.5434169494913339
0.600538931012272
7.005744190680119E-5
0.6820581288123134
0.03781497255801536
0.042372378553371726
0.8173091562226337
0.6429062798870966
0.9728019092386896
0.17091675728101574
0.2169440633727917
0.6313104882358446
0.11200348263710791
0.5034417994350405
0.521676952675592
0.3213200733094407
0.32897795414002395
0.4975695814797625
0.1082195739792211
0.7046489215528873
0.5729000229355039
0.15125107513150216
0.7863378039724864
0.6474695409297796
0.31819262240005053
0.43922944804727027
0.757547001743804
0.4106472857155481
0.25201258285182104
0.40239654281392767
0.03236460987003131
0.07482057856439683
0.20349652132270368
0.9564485791722295
0.43502605807675143
0.06173369073705537
0.568673352529628
0.7362475006644841
0.5745702388531572
0.1932281384622706
0.7349494762240689
0.5422940329919801
0.4112010814497191
0.9792990700546407
0.25907298294605485
0.20571895722729727
0.29683096465056513
0.0766229029273936
0.8024831643296397
0.9381985236066236
0.618712695914429
0.10896219024194109
0.0779513794135045
0.48320060590474345
0.42506616235454653
0.2908544010159042
0.31141989837977546
0.6349674848649141
0.6616056435438782
0.5459906306843446
0.9729445293055656
0.9416419128403607
0.8978744653107412
0.06169023303190224
0.7806476717020676
0.6589423406690272
0.6722929025548444
0.47087830691198596
0.2315877588878975
0.2707937279703131
0.8348257941819708
0.10297154438298084
0.16345148710235757
0.14332022766736685
0.5161760091553006
0.9950791278084574
0.1009750988791226
0.12860587535102408
0.6024099808924603
0.6049248605541818
0.3910008429145352
0.1846296860476685
0.8439217544800929
0.4168967494423341
0.38007498970972386
0.32778117724839495
0.9776414882635539
0.8826301118370238
0.13849357737479384
0.48436283252046297
0.49139499584456137
0.38753086510576773
0.48470218491791683
0.05748560651480472
0.909320322198466
0.18464482546185734
0.3139559297593121
0.2757636504144503
0.7272477387782948
0.4872795174700878
0.485145949540043
0.640214768419567
0.3769493524829106
0.16178467139806596
0.7696987661312954
0.03577253844481487
0.8481645568942473
0.7118977234310535
0.6164544417367763
0.3238166001741354
0.8473077367278018
0.4960603096680465
0.7364302304677016
0.4821272299131907
0.6217641633286985
0.36911244889666006
0.7613754639196584
0.6086703701084427
0.8286807231255067
0.18977029330580908
0.48002447098835954
0.3556197619643119
0.07715729021425366
0.8852937174506603
0.40595327790415525
0.6100217902338612
0.022745541447010353
0.01475037713748617
0.680946717358965
0.48750991958244205
0.14316080913065388
0.022281934848190632
0.5677818938711723
0.9554745476665866
0.5741137771607613
0.6217790908227181
0.03633453740459802
0.6520947296444878
0.6341680403793374
0.004371615608014134
0.19691436375044624
0.7176379643388024
0.9175297145831386
0.8101394345958843
0.5847354894006018
0.7044343105036021
0.08367543734626215
0.05545126583222215
0.5494286080170395
0.8819310010644646
0.7227251333482781
0.45733691377401775
0.25350077506004864
0.5032339951468896
0.9254654149849944
0.8462994744074585
0.033649232008550634
0.8495424345963483
0.4369303272292602
0.6089738151738536
0.12883543711017809
0.11888258636618487
0.5224454043764472
0.35203736904985794
0.029025711742653226
0.47554725982842494
0.9250412931565937
0.22877973288859477
0.9485045128619397
0.8266470196133815
0.5431433345309484
0.6197371913245414
0.17766683747625422
0.14217953321040566
0.7074432617973512
0.10879833597381161
0.31719571746734754
0.3850231429676739
0.1858591614530244
0.9461872663111469
0.6485314075556896
0.36726114328438875
0.29549035362811704
0.43973035569073593
0.1445381725769045
0.09924275577573882
0.7504727350415437
0.9658130763427556
0.8742751204038949
0.4477872012476075
0.12464165107439273
0.5414328891644947
0.8057774262662604
0.16993707732821295
0.05790790696767456
0.1487546995885326
0.26075376150209684
0.638667373538445
0.5852534110449755
0.2535749076985777
0.5251068163861643
0.8269561761858878
0.217252901882396
0.20910041231440635
0.3691825736073192
0.36662359602996974
0.651027544521183
0.48644897719611635
0.4816549910711987
0.7483448742456834
0.24053698920646616
0.9232766559874637
0.07095207097602074
0.9792441027757671
0.6051162812445352
0.4319393769524913
0.1381297279683249
0.2644748349737578
0.0051632543371720185
0.8585940637502542
0.17509978350380762
0.5291935681423906
0.3638833398778596
0.9346462666419785
0.2921179404265325
0.8473328432563318
0.06399771514102048
0.511949985849262
0.028438578981728857
0.09357956349410979
0.8983209703404712
0.5231662814780467
0.35004201220862297
0.3849654482315851
0.803114731578305
0.35868695522399663
0.5883409897744512
0.12847529117705003
0.2531235165179354
0.601529205370016
0.3237723042629356
0.7410797232334606
0.4471986414043254
0.31160781596302434
0.4681799537022454
0.3585984989451787
0.6634171789714517
0.3007911020556888
0.04989601981952985
0.09980044832118495
0.41260151018854796
0.09014667271132992
0.4554256785541404
0.7021467461914889
0.2691460148997583
0.4907835093291826
0.13164221174398794
0.5955832907114088
0.5080573458289979
0.9996963539330055
0.002398876101405434
0.7307888059175464
0.9271140784960126
0.45201895713428253
0.1034631035121909
0.7282845568076742
0.4830524124834318
0.6210920388519787
0.18968011974220034
0.16481238870591164
0.620683962469966
0.707752757369254
0.318271552442713
0.06338688252785696
0.4238518748852901
0.9102512194341329
0.6621756014488761
0.9034281216402144
0.9671315991744037
0.5162010430513688
0.05733500536412606
0.7173813462173243
0.4971826016810763
0.20796970683817728
0.03783896764296013
0.09022967041416863
0.3226571350713321
0.5229150046870837
0.36282540282482556
0.1283059072902596
0.5415723587571591
0.6598741368206815
0.28904955437279123
0.7138102952021755
0.9850521989128831
0.07331134619961299
0.09302556083660529
0.6114398055207034
0.006345072181035194
0.5465305792145065
0.596646775924646
0.24353551991654376
0.9940235114828673
0.6853592360853749
0.7001916501723664
0.20015452448034232
0.7382725407366598
0.023709452646303086
0.17662083823070873
0.8004720713135239
0.029172382413561904
0.18242309069764184
0.23107212339525185
0.2719208348353034
0.11588220317307585
0.7728065880308902
0.5794595759082096
0.3634730655964128
0.9056309210921799
0.9862620464741609
0.05008260533146547
0.4594721186676324
0.031421369948272826
0.06142073141515292
0.9621517631070196
0.5104195095709532
0.16735416444489437
0.07018532389662135
0.7851372759779985
0.3471239077662305
0.22047740537821592
0.714087076389529
0.8328464287791234
0.1946180194954833
0.27806854628151434
0.07236411648132002
0.9961364254702996
0.45224986685524615
0.43925453819387783
0.49316726565133884
0.7681685414484204
0.0563546905706076
0.9098767454537144
0.06929950561212495
0.06611023326394883
0.9919136182628963
0.9895065777999565
0.3898954370368648
0.6031910113267897
0.7696053927398727
0.8295185030448847
0.5094468258988302
0.8150188236844043
0.9346573542544505
0.09112609502882363
0.3255806940017899
0.5940627639072582
0.9239021575253225
0.8822880120886296
0.80699607127897
0.33620857549307526
0.8374461864975155
0.6023897321135765
0.7629656652738697
0.05329320540923954
0.9413559613717343
0.5736073508246942
0.0958087665461862
0.5555245886121785
0.9677691043775483
0.5878598877493534
0.7277415187562861
0.9576929087124878
0.5288355851245728
0.7482561606579929
0.6435109392266991
0.013079628383338648
0.2108960280735389
0.2339425164725909
0.7402189453939452
0.02897055703267093
0.16530288491778766
0.8672577401840948
0.4257423780683971
0.3676790779733594
0.2622911128560528
0.6121012733262226
0.1571557015985845
0.7869860484810152
0.12430422860229395
0.38242117530155517
0.3605621706919645
0.12390223420328939
0.6051823567616991
0.7897278473486261
0.4237401365379856
0.0756599626736959
0.5316182094738479
0.7085399300941868
0.7030104384476611
0.08183987974555895
0.7732874594899595
0.7886685956450272
0.73573118857703
0.5615392627311071
0.9580596000474101
0.29324647380017854
0.0998264249399452
0.009488094436283956
0.39869577606018514
0.8914073960849749
0.6117544559898261
0.7050191507106202
0.04743950862509749
0.2845233387488304
0.8043226476472984
0.03779829825215708
0.5449068197141791
0.7949047409776291
0.875754558009746
0.7042213074408319
0.6796819398233975
0.2958703931980695
0.5514155820238281
0.27838350360018305
0.8250247254684955
0.11209318348356934
0.5496038830749185
0.9115282708881426
0.1690963790800355
0.7691281726105546
0.5928122447832974
0.16388093338245246
0.805109113900712
0.721028786585838
0.15586743369653577
0.22277410951785526
0.9978068258235882
0.4349577983595897
0.3923533394672568
0.010970788769115614
0.19268216890516043
0.46169914831492176
0.9307239095110051
0.9390914279026997
0.5843369847332011
0.3709768505654987
0.4815124651083761
0.306051308240587
0.3103919666710174
0.6804874146318057
0.44704319987929864
0.6014143991049778
0.5873517417482794
0.1575516644490359
0.975051663660459
0.21357000614027422
0.3548320633333375
0.12229270465219466
0.14761995075737533
0.29763832302122817
0.2445547832671212
0.6312457596291912
0.24683319443643204
0.807011321705826
0.9405173189452848
0.6703066278369333
0.28856348150915656
0.9424351965993508
0.2467426342059743
0.735924603531065
0.26578748340024294
0.5225403731050987
0.42901596522214647
0.4334462880294002
0.7928439399033465
0.02972570571012323
0.6470148392470362
0.9715166120462659
0.09203749318182919
0.3353029282355472
0.5432379990135114
0.6814432304474901
0.5139947176458389
0.35780740770511055
0.3051404139352658
0.94043039489641
0.033179148736705466
0.1583818679585236
0.7668796407332964
0.12758895002837334
0.4099709699855191
0.22713905250690458
0.36708055817342755
0.49162819354566034
0.9607181539262994
0.9644095829749401
0.02902426752954934
0.05913638743132943
0.12716470878003527
0.6107813924089806
0.2796676097636246
0.9623556532233355
0.2866630127545191
0.12983686313583764
0.17389948591790616
0.8153578820852289
0.4945757761175491
0.7974940111985936
0.840440230544742
0.017527787495557057
0.10027430741461674
0.5018579141094147
0.7157903960327628
0.11325921720221632
0.4281392572880046
0.007488552582325392
0.7826349070821865
0.5867712620458061
0.9649701064864783
0.6879916280643836
0.3791092337606785
0.7209500324290764
0.745209266048694
0.48083808714396015
0.39533356474424397
0.39912279649871185
0.8753878832639505
0.06831917542488153
0.9236212044914949
0.9786703582671228
0.3891986327975413
0.5385428339015276
0.6787676453423477
0.6153840195632009
0.8746024897267873
0.030377835740548198
0.7548264712342688
0.667473577734414
0.5643752332615829
0.11625206510015806
0.5347782236521578
0.05813232300958815
0.8315003426194099
0.9267109410119015
0.8194986323741447
0.7255654650930091
0.28081419029084365
0.2706423209006218
0.49243248319042243
0.5393882136695124
0.8783100228021542
0.2550742518459759
0.28637916007894415
0.31229960711506766
0.8095067310685712
0.1584517178967133
0.4687964245877463
0.7859387089732978
0.008289027104688151
0.5612985056719023
0.5120283432478582
0.7198289163151498
0.5476249025257048
0.9881707910457364
0.06486385871133482
0.46231711130086883
0.3335668142426269
0.5648082189728174
0.7918322507144997
0.6324135714248437
0.793942808061252
0.44438926551506297
0.8966415280755173
0.7914390493875106
0.5031439436316717
0.006796631775392248
0.39616619899205907
0.23338516904288353
0.9344139408854778
0.0847993172383078
0.4613906322115352
0.2728946005199584
0.7810477615846885
0.7210572041789128
0.3917142104704985
0.6597669299985651
0.5379049194597131
0.2098549571026731
0.03902451112743188
0.9988968437001046
0.28464410590050315
0.4274709422175962
0.7479449165512032
0.3045505043208424
0.8620852599543309
0.7050877399331356
0.1286626135179173
0.06788665751180967
0.883105274713575
0.7481503949717481
0.22874358534412353
0.4666286670079489
0.26947362530914676
0.35607867161360907
0.9203406379654971
0.5957935317228162
0.2560343117586099
0.946239585320283
0.5692005495988895
0.8483845080945714
0.05364011131198776
0.13608636649914463
0.30187710790318645
0.8249530110199578
0.612245585698373
0.8873703139188637
0.43755565489028814
0.40093682644393425
0.1755650092796861
0.9663314774709113
0.9008959407545553
0.8306800183690208
0.5687015070525092
0.7237747544472709
0.6822991378400349
0.017041630407243824
0.41015362065840166
0.44893737628221464
0.6620055253411636
0.3254986614962889
0.6896055540907232
0.801054243268458
0.36442880771497244
0.5716501551324296
0.40290739921475727
0.07252712144845697
0.45913382326965146
0.061028246820286625
0.18565152573393373
0.28760428585103026
0.07486319612556491
0.8101227930251498
0.13675138356488237
0.3904765125153623
0.24301990408041185
0.32752543377849763
0.27342907361746593
0.026695921516182164
0.037011308124043074
0.5840996153648987
0.3090177933814964
0.6718236702897226
0.22386159378288628
0.05108277541821826
0.6949855058657011
0.1112131857387696
0.49449831160052427
0.9350268964803476
0.11858599044470608
0.5248345693379568
0.5891194826466372
0.988483503690512
0.8975437210171529
0.6810470052786461
0.8840476939683315
0.5253399608588832
0.9631785288650371
0.993225051743709
0.2564770612802034
0.5197124029850757
0.3733765626726131
0.4431451908661346
0.2935196402693494
0.9173023904432502
0.546813614853662
0.6250389570460319
0.1619572755703792
0.5381230922809817
0.6598372595902393
0.4142187435084721
0.7051054762372281
0.1995012866414907
0.8974137450718311
0.014182584424996203
0.5831951056011453
0.9382615594511026
0.4995462567013903
0.3861043775596813
0.5236786010015255
0.46099890742514604
0.7945705459112427
0.31461534557369397
0.9978666230376705
0.20134585086267254
0.6607342060792099
0.6137834170160588
0.8903015592555027
0.6131405677570146
0.10746598506871019
0.22719664550953744
0.9772741618969314
0.578402042933854
0.9177412296186682
0.22605669995883348
0.2808893348439566
0.0590187213920762
0.5429497542494485
0.9591891030835642
0.6150877591671462
0.3710565627015354
0.691672460878641
0.858875990332893
0.89002896262864
0.710593306007971
0.30377286025188255
0.6564180292313606
0.9912428578254392
0.8099845370253952
0.8512097841296404
0.011331502180807806
0.29995530216907473
0.8534683740167751
0.15697753619268773
0.8080869617999284
0.17099433930896213
0.031014654715969647
0.17357982276126227
0.6242956480908615
0.9346832190879184
0.35932500160749137
0.41244342071799656
0.12424974123823307
0.23912657996566955
0.6488900871013084
0.9656783037092179
0.38172313851895745
0.7992958239435964
0.7460102599524181
0.3115899381455488
0.3859385534567268
0.8693200753771292
0.4286857427037005
0.34535049242814864
0.23460732022569264
0.004389088985165102
0.5852827626674577
0.32623488698836245
0.7679484092424262
0.9286739992540185
0.5548817740700839
0.6828280038840253
0.6475925675640842
0.5756726565248907
0.7582141115235302
0.8676094082232817
0.13427788886618863
0.6173852556978511
0.9980932398985901
0.7023217585981358
0.06824328541149349
0.04872698048957658
0.05824687370844284
0.9055290874352413
0.8062259209141888
0.6435836299481621
0.47945619813270746
0.7437713296118191
0.11896880103942875
0.3489165850837991
0.641908606351476
0.9977213472994398
0.303145064730176
0.9333232834843115
0.5326698649446118
0.6847504643051093
0.011604763319417066
0.4564596417307315
0.8271822933891362
0.22930912295084172
0.5558509015877362
0.3757304370197141
0.16369510037798762
0.022528699112903117
0.6846505947795296
0.3566539164446171
0.7395329191005933
0.562450663778814
0.0926877208570771
0.10330727864139722
0.608109213199758
0.616289581228711
0.16316339139232916
0.7752586629517987
0.3055903347749934
0.09613584162651145
0.6982503894076264
0.8073923280628863
0.6861168837950459
0.5895048341943208
0.6413079050157945
0.19903312466197864
0.09448835145542467
0.7361383618979774
0.04476263521444046
0.5887766385922282
0.25521740627104617
0.8924648473549815
0.787562854356378
0.6814309823880341
0.5068601109135975
0.7751245108723149
0.7961113353864924
0.843476783038888
0.26052819761574075
0.02496554133417428
0.7725835123001342
0.933451336410257
0.8114897423058212
0.8829180294429932
0.684537278003416
0.683663573027655
0.8827645217573953
0.41915125935068065
0.5197204429520487
0.19964558958566558
0.529620148048084
0.006921239942160207
0.05998212208922438
0.3937474132398109
0.2838754657777386
0.9825141537645258
0.6781945895492426
0.4192809542087075
0.6669171945817198
0.6826924633028639
0.41209142906313134
0.42161967218336915
0.450336235334051
0.3010495984652207
0.8189285567858622
0.17265991952168058
0.29308997275353244
0.2546796446027966
0.3648742201528947
0.40505046437315917
0.6340965234210023
0.0025680815877173746
0.3530341993083601
0.9125961790637709
0.9691675226911509
0.5071102391436251
0.6440186201864236
0.7332425235457875
0.8911853771553324
0.780163124070663
0.6729563748201386
0.9810465782744526
0.5224316133916828
0.20503738141765016
0.5168637144215218
0.14354142767979827
0.21797210809795875
0.15167099945686546
-0.9674540528914743
0.8217991630803041
0.3380117947972596
-0.9089154899891854
-0.5899443906434392
0.7066043069385839
0.5701670137676633
-0.15145208399476018
0.10430255253661902
0.02583957859518793
0.9682024191981391
0.03818543111654682
0.5393856378099253
0.45382324994974343
0.537954828627202
-0.08641648702202898
-0.6190790015993648
-0.5043025872809785
0.4398346312298098
-0.6378835023550666
0.9390898228605604
0.9559355410839692
-0.43765522372645105
0.13083969031095322
0.2270810966751695
-0.23267604494090133
0.9424011913962469
0.666762125077524
0.18274296974012705
0.813229386211759
0.7902674525933742
-0.5456879217007222